 1 0 0 0 0 0 0 47.6      68.0      10.8      17.3       7.5
 2 0 0 1 1 1 1 26.1      27.1       5.4      17.1      11.3
 3 0 0 2 2 2 2 27.3      47.3       4.9      12.0       7.5
 4 0 1 0 1 1 2 35.8      38.2       8.2      13.9      13.2
 5 0 1 1 2 2 0 39.5      96.5       4.0      13.1       5.4
 6 0 1 2 0 0 1 20.4      33.1       4.6       6.6       7.2
 7 0 2 0 2 2 1 34.7      71.9       6.4      19.9      12.2
 8 0 2 1 0 0 2 61.7      37.5       3.6       6.0       9.6
 9 0 2 2 1 1 0 26.1      25.6       2.8       9.1      13.9
10 1 0 0 1 2 2 98.7      79.7      25.0      31.0       8.3
11 1 0 1 2 0 0 54.8      48.3      17.4      19.1       4.9
12 1 0 2 0 1 1 25.8      32.5      15.6      20.5      17.7
13 1 1 0 2 0 1 57.0      60.2      12.2      14.1      13.7
14 1 1 1 0 1 2 45.8      36.7      17.1      22.1      14.4
15 1 1 2 1 2 0 34.4      38.7      10.2      13.3      10.8
16 1 2 0 0 1 0 57.8      39.1      21.1      26.3      21.0
17 1 2 1 1 2 1 79.2      42.8      14.0      16.9      16.5
18 1 2 2 2 0 2 72.1      42.1       5.8      10.5       8.8
19 2 0 0 2 1 1 20.6      33.5       5.0      16.6       3.3
20 2 0 1 0 2 2 15.5      16.8       4.6      17.5       7.0
21 2 0 2 1 0 0 17.2      29.0       2.7       6.1       2.2
22 2 1 0 0 2 0 50.4      49.8      10.3      19.1       7.6
23 2 1 1 1 0 1 20.8      25.2       4.7      10.4       4.2
24 2 1 2 2 1 2 23.0      16.4       2.5       6.7       5.2
25 2 2 0 1 0 2 24.7      23.2      10.8      14.1       1.3
26 2 2 1 2 1 0 24.0      17.8       2.7       6.7      15.0
27 2 2 2 0 2 1 16.8      23.2       3.8       8.2       7.9